<profile_camera_transforms.xml>
  <cameras>
    <camera>
      <transform>
        <row0>	0.999746 0.007468 0.024764	</row0>
        <row1>	0.000000 0.957512 -0.288746	</row1>
        <row2>	-0.025866 0.288637 0.957154	</row2>
        <row3>	-25.774610 77.578700 283.607100	</row3>
      </transform>
    </camera>
    <camera>
      <transform>
        <row0>	-0.997188 0.015401 0.074491	</row0>
        <row1>	0.000000 0.979419 -0.202494	</row1>
        <row2>	-0.076067 -0.201890 -0.976477	</row2>
        <row3>	23.341580 57.403370 347.156300	</row3>
      </transform>
    </camera>
    <camera>
      <transform>
        <row0>	-0.937748 -0.124710 -0.324350	</row0>
        <row1>	-0.000001 0.933510 -0.358900	</row1>
        <row2>	0.347501 -0.336536 -0.875270	</row2>
        <row3>	158.638400 -141.133500 -338.995900	</row3>
      </transform>
    </camera>
    <camera>
      <transform>
        <row0>	0.998312 0.015586 0.057025	</row0>
        <row1>	-0.000001 0.964740 -0.263679	</row1>
        <row2>	-0.059117 0.263217 0.962985	</row2>
        <row3>	81.290360 0.925010 66.473900	</row3>
      </transform>
    </camera>
    <camera>
      <transform>
        <row0>	0.743925 0.223853 0.629756	</row0>
        <row1>	-0.000001 0.942357 -0.334964	</row1>
        <row2>	-0.668369 0.249160 0.700945	</row2>
        <row3>	124.075700 33.605860 111.835100	</row3>
      </transform>
    </camera>
    <camera>
      <transform>
        <row0>	0.659265 -0.278841 0.698378	</row0>
        <row1>	0.000000 0.928820 0.370876	</row1>
        <row2>	-0.751979 -0.244463 0.612278	</row2>
        <row3>	102.184900 -54.818810 112.279200	</row3>
      </transform>
    </camera>
    <camera>
      <transform>
        <row0>	0.991930 0.004159 0.127326	</row0>
        <row1>	0.000000 0.999546 -0.032649	</row1>
        <row2>	-0.127393 0.032384 0.991411	</row2>
        <row3>	-4.804508 -16.846940 103.447400	</row3>
      </transform>
    </camera>
    <camera>
      <transform>
        <row0>	-0.977038 -0.209084 0.042243	</row0>
        <row1>	-0.000001 0.198036 0.980326	</row1>
        <row2>	-0.213310 0.957699 -0.193493	</row2>
        <row3>	-93.579800 19.374200 -67.888750	</row3>
      </transform>
    </camera>
    <camera>
      <transform>
        <row0>	0.777517 0.032230 0.628094	</row0>
        <row1>	0.000000 0.998733 -0.051249	</row1>
        <row2>	-0.628917 0.039846 0.776499	</row2>
        <row3>	-84.241740 7.012014 167.745900	</row3>
      </transform>
    </camera>
    <camera>
      <transform>
        <row0>	0.412031 0.589736 0.694667	</row0>
        <row1>	0.000000 0.762416 -0.647253	</row1>
        <row2>	-0.911258 0.266653 0.314098	</row2>
        <row3>	35.441820 166.141100 189.498300	</row3>
      </transform>
    </camera>
    <camera>
      <transform>
        <row0>	-0.861780 -0.133729 -0.489491	</row0>
        <row1>	0.000000 0.964753 -0.263570	</row1>
        <row2>	0.507442 -0.227108 -0.831292	</row2>
        <row3>	-161.402100 -42.533780 -170.621700	</row3>
      </transform>
    </camera>
    <camera>
      <transform>
        <row0>	-0.771859 0.030905 0.635141	</row0>
        <row1>	0.000000 0.998934 -0.048606	</row1>
        <row2>	-0.635907 -0.037512 -0.770938	</row2>
        <row3>	276.147400 -6.961996 -32.921430	</row3>
      </transform>
    </camera>
    <camera>
      <transform>
        <row0>	0.753408 0.076938 0.653155	</row0>
        <row1>	0.000000 0.993220 -0.116996	</row1>
        <row2>	-0.657672 0.088138 0.748238	</row2>
        <row3>	-82.095410 28.632380 278.009000	</row3>
      </transform>
    </camera>
    <camera>
      <transform>
        <row0>	-0.926989 -0.113772 -0.357640	</row0>
        <row1>	0.000000 0.953048 -0.303177	</row1>
        <row2>	0.375308 -0.281008 -0.883341	</row2>
        <row3>	-56.666990 -27.459010 -22.099460	</row3>
      </transform>
    </camera>
    <camera>
      <transform>
        <row0>	-0.759197 0.094367 -0.644089	</row0>
        <row1>	0.000001 0.989552 0.144987	</row1>
        <row2>	0.650980 0.110053 -0.751152	</row2>
        <row3>	-121.872800 -5.626497 -34.904580	</row3>
      </transform>
    </camera>
  </cameras>
</profile_camera_transforms.xml>